list(tau=1.00000E+00, phi=1.00000E+00, kappa=1.00000E+00, alpha=0.00000E+00, beta1=0.00000E+00, beta2=0.00000E+00, pred=c(0.00000E+00, 0.00000E+00, 0.00000E+00, 0.00000E+00, 0.00000E+00, 0.00000E+00, 0.00000E+00, 0.00000E+00, 0.00000E+00, 0.00000E+00))
